2313128914
2312896760
2306837089
2306774771
2306662526
2306560704
2306487570
2306449053
2306333967
2306328973
2306322858
2306299446
2306260734
2307999997
2307964390
2307968632
2307932025
2307895478
2307804341
2306964333
2306862348
2306441566
2312576205
2311394099
2311291665
2311297901
2310590837
2309976060
2309103285
2308039580
2306529611
2306391457
2313533091
2313475579
2313460821
2313382816
2313316052
2312920835
2312852429
2312830614
2312781943
2312674258
2312579434
2312568757
2311392999
2311364006
2311345637
2311328643
2311255058
2310734828
2310698869
2310651365
2310602767
2310574946
2310560237
2310552062
2310018182
2309955837
2309938001
2309899697
2309871009
2309813622
2309827215
2309800755
2309221478
2309212812
2309179220
2309137587
2309065531
2309026311
2309039064
2308984321
2308954091
2308913046
2308893037
2308349654
2308321560
2308271741
2308234276
2308204860
2308173187
2308126615
2308138685
2308099675
2308063605
2308047219
2307991009
2307356366
2307295618
2312310809
2312284155
2311960828
2310720062
2310252176
2309855547
2306972705
2306922599
2313570769
2311306694
2309775323
2307362065
2306830483
2309627352
2308523707
2308497838
2308429097
2308408705
2308320819
2306910232
2306855735
2313365483
2311246518
2311250771
2311205529
2306267984
2306225854
2306232656
2311201352
2307632074
2306410560
2306403786
2311859119
2311754849
2308130417
2307045536
2312165861
2312148418
2308209273
2308062764
2308025066
2308008172
2307970871
2307287561
2307244282
2307235615
2307191585
2307154616
2307118206
2306369141
2306354713
2306293993
2309374016
2309245379
2309203869
2308430231
2308353288
2308345368
2308104304
2308046168
2306289081
2308995018
2308089074
2307196923
2306290424
2311615096
2311592961
2309476182
2309477750
2308360559
2312362227
2312361178
2312340537
2312337370
2312042100
2311655486
2311635845
2311644095
2311660910
2310978730
2310852187
2310834266
2310799394
2310373283
2310369117
2309518998
2309480769
2309358840
2309248753
2308482830
2308498636
2308453228
2308232005
2308188026
2308178865
2307634321
2307633311
2307632152
2307283613
2312872229
2312221858
2311528588
2309184409
2309091890
2309039289
2307497735
2307422246
2312262809
2312255438
2312239240
2312184725
2312135776
2309248248
2311463813
2311406616
2311389226
2311349593
2311334586
2313284331
2313278084
2313214295
2311214205
2310879102
2310623893
2309493409
2308199238
2307119150
2307083044
2306492025
2311104357
2309857595
2309829341
2307813112
2307450455
2307397003
2307377319
2307191464
2307153411
2307086943
2313146009
2312044653
2312017814
2313659150
2313631091
2313584269
2313088248
2313063781
2313057470
2313028680
2312962168
2312900831
2311003763
2311007567
2310862581
2310833291
2309586544
2309576684
2308053291
2307526149
2307056072
2307070190
2306306251
2306292442
2306266610
2313025808
2313020586
2312973213
2312954362
2312297377
2311490424
2309601711
2309589571
2308389662
2307496957
2306804767
2309869349
2309774571
2309732385
2309694242
2309689567
2309655589
2307426358
2306877914
2306848465
2306812026
2313520859
2312594103
2311556094
2310300176
2310241609
2308384820
2307366699
2306408505
2311372604
2308667291
2307523555
2307451222
2307322859
2309891161
2309883052
2309796269
2309763081
2309097648
2309080895
2308673285
2308128082
2307656936
2307595581
2307560173
2307524392
2313185545
2313171674
2312531114
2311251553
2309843184
2307876334
2313746210
2313737456
2313697911
2312427705
2312413709
2312177363
2312130370
2308435904
2308396723
2307526389
2307530389
2309780829
2309666606
2309669593
2310386436
2310374720
2310381663
2310357315
2310350925
2306952314
2306535031
2313741376
2313710144
2313673128
2313657545
2313628597
2313477034
2308331796
2308268252
2307197878
2310989113
2310786690
2310693462
2310672140
2307145542
2313585010
2311362181
2310504175
2309047103
2308965057
2313336985
2313308753
2313254811
2313024366
2313006552
2312981323
2312949870
2312901572
2312819810
2312800889
2312696489
2312595899
2312587822
2312505137
2312153865
2312125656
2312117358
2312069027
2312041206
2311295190
2311206874
2311153729
2311150101
2310600112
2310582679
2310546628
2310526232
2310521871
2310528491
2310154433
2309904590
2309899170
2309834809
2309145888
2308967815
2308920111
2308874977
2308476141
2308181677
2308114118
2308083472
2307514197
2307400732
2307320725
2307307961
2307206930
2306447622
2306428999
2313777388
2313122831
2313092134
2313086677
2313065290
2313050715
2312946369
2309173590
2308503689
2307919826
2313122043
2311406308
2308311332
2308231385
2308222409
2307169601
2308482158
2308446285
2306898783
2306870675
2311547561
2313197870
2310376273
2309511488
2307816442
2307250062
2307233594
2312561031
2311973656
2311542358
2311397752
2311349029
2311341693
2311305256
2310620752
2310331259
2310295623
2309466268
2308976028
2308293497
2308262520
2308193976
2308105022
2308067058
2307143887
2306474048
2306435957
2306355661
2311435604
2308125232
2308127633
2306479479
2313572838
2312975541
2312914723
2312897611
2312184015
2312115765
2312118256
2310648829
2310510875
2310488671
2310151533
2309979165
2307598964
2307566779
2306433496
2306375386
2306368532
2306343245
2313092171
2312348028
2312286933
2310759501
2310738134
2310678075
2309850117
2309338567
2307501860
2313744819
2312908798
2312243719
2306782726
2306274777
2306248622
2313180156
2313168326
2312770212
2312702312
2311930540
2311864939
2311439800
2309894120
2307238327
2306526545
2313329532
2312005292
2310029941
2307317813
2307309871
2307272386
2313335605
2311400879
2310664927
2310647813
2310509853
2310476417
2309874192
2309847239
2309805236
2309670541
2308987851
2308375339
2308326787
2308229605
2308211140
2308142762
2307481375
2307423532
2307371854
2307332123
2307312124
2307247201
2306862089
2306805896
2306663048
2306562508
2306494130
2306485315
2306384167
2306345631
2309702218
2309688768
2309685035
2307110266
2312804759
2311320860
2308228081
2312077651
2310238531
2309645265
2311930936
2311768220
2311177148
2310473657
2310461496
2310441563
2309654196
2309678720
2306271772
2311858660
2309701439
2308022229
2307325296
2312001125
2309742294
2309726723
2309689246
2309668032
2308613570
2307799756
2307510119
2311629333
2307593323
2307277847
2306867316
2313056778
2313052327
2312771539
2312525517
2312494688
2312480932
2312334441
2312301583
2312276435
2311601520
2310996648
2309738133
2309555721
2309537905
2309263170
2309142994
2309120547
2309024806
2309013617
2308952912
2308920450
2308877963
2308811770
2308685462
2308521231
2308357973
2308338846
2308196983
2308187517
2307563788
2307541265
2307489879
2307447954
2307304459
2307307468
2307103383
2307061626
2307047119
2307021211
2306932531
2306950820
2306901889
2312948324
2310652351
2310239377
2309065891
2308122272
2311426763
2311373452
2311283165
2311156629
2311005660
2310991949
2309571906
2308532693
2308486509
2308466904
2308415142
2308317252
2307606506
2307613889
2307622798
2307600142
2307617727
2307200909
2307183592
2307122129
2307053306
2306946338
2306926000
2306925460
2306924299
2306939137
2306359133
2306263334
2306236959
2306233728
2306222010
2306228532
2306207114
2308276265
2307034249
2307010066
2313628275
2313305135
2310502957
2309056279
2309007145
2308680825
2308604678
2308600858
2308587317
2308583149
2308040730
2307941039
2307650698
2307638567
2313778329
2312170227
2310469522
2310467713
2310436035
2310424909
2310413966
2309731941
2309696759
2308814268
2308401214
2313202374
2310695948
2309100354
2306421174
2312431691
2311247536
2308982199
2307663828
2307218729
2307098244
2309901293
2307789558
2306840162
2313710889
2311988421
2310002267
2308471887
2308170325
2308041251
2307965627
2307910514
2307883318
2307565595
2307558942
2307032762
2307019895
2306964483
2306678948
2306499710
2308545340
2308521591
2313675497
2313670004
2308678656
2307665426
2306972244
2306970443
2311270357
2311232914
2312782998
2312768572
2312316826
2312300580
2312082463
2312052824
2312040670
2311993093
2311565025
2311521917
2311477141
2308526656
2308515632
2308542645
2308540605
2308417019
2306397816
2306330075
2307107260
2306966872
2306961696
2313739968
2313643654
2313469046
2313218599
2312885359
2312824167
2312528663
2311221343
2311162301
2309755663
2307471540
2307020679
2307017295
2310394225
2307933324
2313319272
2313143423
2311233969
2308571492
2309788264
2307917184
2307059511
2306263804
2313742775
2313616958
2313599168
2313445391
2312940221
2312809582
2312514322
2312426158
2312441132
2312393410
2312390397
2312215267
2312207913
2312118930
2310800958
2310042467
2307325890
2306776700
2306696505
2306462779
2312894982
2309520411
2312246062
2312095813
2310380038
2310336201
2309528964
2309482996
2311990525
2311974947
2311892854
2309852400
2313132135
2312855246
2312495719
2312468665
2312441939
2312417069
2312400899
2312234597
2312219101
2312104285
2312048511
2311578161
2311530119
2311501261
2311451417
2311207287
2311175124
2311135714
2311124146
2311112747
2311131305
2311111124
2310665577
2310669328
2310635156
2310617666
2310480399
2310472595
2310431174
2310421298
2310401472
2309950427
2309902094
2309849790
2309579107
2309535254
2309548419
2308547732
2312158504
2310858800
2310034666
2307443465
2308431449
2308196390
2308087159
2306513267
2313717444
2313707556
2313602959
2313453956
2313227048
2313123481
2312850439
2312697674
2312526489
2312324145
2312212875
2311219425
2311167002
2311170338
2311068696
2311011627
2310991123
2310884836
2310878232
2310811637
2310784333
2310743201
2310702081
2310035308
2309978887
2309948789
2309044857
2309017519
2308990031
2306492434
2307956529
2313163460
2313130811
2313096159
2312978193
2312366734
2312355582
2312372380
2312237782
2312191760
2311645911
2311645190
2311643641
2311588051
2311580822
2311535211
2311485112
2311399626
2313153792
2313160764
2312482638
2311190753
2313168708
2312594138
2311234602
2309954169
2308602413
2312429422
2307957980
2308668094
2312836044
2312080049
2311995530
2312007614
2311850697
2311756314
2311733891
2311749975
2311727322
2311702710
2311488965
2310754681
2310747189
2310699518
2310661133
2310576192
2310461067
2310447686
2310371534
2310358819
2310333434
2310348496
2310246647
2309976798
2309906118
2309787524
2309376590
2309141644
2313045086
2308377755
2312786672
2312152283
2312124124
2306886984
2306913345
2308674466
2307373143
2306665206
2310288459
2312459439
2312423645
2312429959
2310514905
2310508509
2310476220
2306542226
2312453307
2311702686
2311445786
2311268958
2311174240
2309479575
2309370181
2307899453
2306481895
2313313479
2312710628
2312571498
2312503971
2312479029
2312274381
2311508522
2311431119
2310854932
2310835669
2310770460
2310213729
2309973901
2309961741
2309175747
2309137012
2308969910
2308947229
2308920755
2307375506
2306211248
2310324553
2310338530
2308082520
2311975856
2308619331
2313311721
2311206354
2310456885
2308024257
2307962699
2309764602
2307082027
2312094341
2312057639
2310652403
2310636030
2312275682
2312279248
2312176566
2311612209
2311607093
2311578905
2311486932
2310772333
2310283840
2310175799
2309033120
2308925651
2310382196
2309587659
2309551190
2308518106
2307567371
2307531805
2307199938
2306918613
2306813698
2306763202
2306933538
2306939192
2308208187
2308181502
2307604219
2307622904
2307620029
2308158993
2307954346
2309966943
2309802737
2308010343
2312869705
2311627954
2311604812
2306812257
2311771588
2311690048
2311679503
2311688099
2311410664
2311333805
2311269665
2310726927
2310666608
2310023796
2309977779
2309876888
2309859157
2309843477
2309829548
2309204455
2309052451
2308555891
2308034903
2312715741
2312700227
2312483311
2312426809
2312422326
2312342374
2312351163
2312350738
2312368348
2311439196
2311340948
2311099849
2310984254
2310272812
2310214697
2310022002
2309461755
2307611421
2307628257
2307492313
2307454663
2307331860
2306408626
2312345533
2312363809
2312353502
2312360498
2311668865
2311656303
2311646500
2311648974
2311145716
2311143477
2311141074
2311120464
2311138635
2311138056
2311137592
2311118085
2311086928
2311103078
2311091457
2311067932
2310420336
2310409955
2310417954
2309606755
2306958378
2306957535
2306945892
2306925693
2306924970
2306916555
2306317748
2306222097
2306230086
2306196610
2310444600
2310449009
2309907191
2309830837
2308359217
2308320366
2308298980
2308262033
2308182513
2307993981
2307881547
2307795783
2309846433
2309731423
2309671772
2309533945
2309513195
2309507406
2308906670
2308810083
2308509941
2308374404
2307384342
2306846901
2306828798
2311107789
2311105359
2311075417
2309974541
2309935279
2309904025
2310685309
2309835569
2309830558
2310394762
2310577509
2311874952
2311851636
2311407605
2310718059
2308325608
2308252735
2308023272
2307792371
2307777542
2307498935
2307381144
2306334505
2313256329
2313183511
2309117883
2313457384
2310597947
2310552878
2310520811
2308250854
2307211404
2307165707
2307088554
2309000314
2307081476
2312371646
2312303456
2312289625
2311933669
2309647514
2309360070
2309166923
2308517195
2308397223
2308368938
2307944782
2307576129
2307592303
2307156701
2307661398
2306394237
2313226112
2311691884
2306370313
2313761844
2312225864
2311598571
2311088688
2310814344
2310343524
2310285198
2309097358
2309059474
2309011056
2308611261
2308607513
2307572497
2306930258
2306897070
2306902729
2306787271
2306648522
2306539532
2306520158
2306482093
2306263501
2306224737
2311275960
2311546566
2311528302
2311421912
2311004530
2310809901
2310791795
2309906159
2309866926
2309880022
2309544125
2309499719
2308272962
2307478169
2306978793
2306988011
2306412738
2306209732
2310472084
2307163636
2313268869
2311368969
2311232999
2312155087
2311489503
2310744598
2310601976
2310287017
2309711985
2309632517
2309209667
2308582505
2308245158
2308137060
2307477075
2307235430
2307133452
2307119455
2306456415
2306357530
2313316395
2309593341
2309496562
2308527022
2308526055
2308524378
2308538666
2308505527
2307513474
2307337639
2307155849
2306859493
2306513069
2306455855
2312365955
2308569246
2308549426
2308393310
2311993685
2311979869
2311093115
2311080848
2310983344
2310645068
2310408989
2313000645
2312813817
2312780766
2311399942
2307013687
2311682399
2309727749
2308619344
2307105572
2311688627
2310412957
2310412411
2310431000
2310401808
2310400991
2310419327
2308546390
2307620628
2307032511
2310574020
2310558986
2307273676
2308303496
2306885665
2310039744
2312327244
2310527767
2306999038
2308806664
2308386183
2307174665
2307086916
2307081811
2307055884
2307070374
2307015030
2307010957
2306997446
2306984608
2306962512
2310999275
2310854268
2309260980
2309212343
2309207436
2309106716
2308605880
2308233982
2308058866
2306548949
2307369496
2310283495
2309779249
2309603773
2309597176
2309516812
2309509599
2309463908
2309376073
2309256476
2309099170
2309058738
2308912210
2308819247
2307907083
2307891198
2307806214
2307595667
2307559446
2307555104
2307517311
2307448290
2307409073
2307238418
2307212228
2307162337
2307138494
2306557007
2306503552
2306401182
2306336192
2310024304
2309981972
2309829274
2313645955
2312564729
2311522897
2311494584
2311291464
2307053897
2312452680
2312405758
2312290230
2312240125
2312150754
2311626585
2311610990
2311320496
2311073351
2310710339
2306251602
2309174773
2309134642
2308185115
2307791708
2307778285
2311696889
2311693555
2311677522
2310624976
2310508205
2310468662
2310434879
2310434045
2310403996
2310328341
2310282065
2310261907
2309676598
2313761054
2313652940
2312456111
2306689231
2308500395
2313118552
2311623215
2310208514
2309597739
2309159507
2308642611
2308434540
2307944134
2307876793
2307495099
2313649224
2312842146
2313578615
2313379919
2313231163
2307556602
2313706347
2313681218
2310295935
2310240325
2309854783
