2302869192
2290166090
2290169939
2290141427
2290095787
2289294935
2289297849
2289247971
2289208468
2283880318
2283842990
2283794921
2281028317
2280920008
2263022321
2262994265
2262978411
2262951560
2262943311
2262913609
2262876811
2262860506
2262522461
2262508044
2262480902
2262463889
2261674285
2261678964
2259405022
2259056827
2259020586
2258916902
2258911164
2258897274
2258654547
2258637211
2258600454
2258580538
2258561644
2258535291
2258507032
2258462488
2257306375
2257281075
2257265678
2257261021
2257233245
2256627783
2254183910
2254173903
2250970863
2250341918
2249700083
2249654669
2248967904
2248933591
2248924593
2248895024
2248845013
2248821796
2248721577
2248701306
2248667793
2248607660
2248497425
2232928291
2232892546
2232869496
2231649693
2231634929
2231621567
2231605871
2231608541
2231579975
2231568401
2231537426
2231141982
2231108105
2231060044
2231026417
2222161804
2222157230
2221811432
2221793506
2221769995
2221687677
2221680953
2221636729
2221551054
2221547808
2221517462
2221441603
2221158799
2221139384
2221094659
2221097239
2221078075
2220985835
2220992374
2220955372
