238646795
238457655
238426708
238414868
238152594
238115670
238097203
237755832
237510494
238479522
238497056
238496516
238983356
238693518
238691679
238635091
238492919
238472051
238390157
238359480
238368011
238366438
238332127
238269752
238282210
238271347
238258264
238242256
238166071
238144330
238140975
238124345
238088770
238036436
238024128
237797831
237795565
237793334
237765174
237753417
237750290
237737818
237735209
237722885
237670150
237638335
237625513
237603289
237590772
237539159
237547996
237529718
237517755
237487516
237495855
237482854
237480597
237457137
237455676
237454169
237453406
237451957
237441047
239038528
237746341
237738510
237735824
237714395
237731390
237698524
237705475
237701692
238840608
238546693
237779035
237718868
237693198
237616921
237531228
237504838
237511760
238131263
238099450
238095802
238103754
238082536
238090879
238806706
238790810
238327913
238335355
237943165
237879240
237615566
237540335
237528081
238679314
238686068
238674380
238639684
238541468
238453684
237831682
237769172
237723513
237704507
239072315
238839393
238412426
238409372
238388913
238283285
238262267
238153788
238041535
237979685
239029579
239028417
238952162
238930845
238914604
238661228
238461388
238326634
238219224
238227138
238202757
237564904
237497785
237485275
239060455
238917998
238672675
238168171
238029878
238048268
237649457
237553071
237551614
237872310
237839990
237835009
237560126
239045702
239041591
239020657
239017936
238944752
238908051
238911841
238817479
238814284
238811070
238807164
238757284
238754005
238771079
238749531
238684379
238662699
238627732
238625529
238640798
238630874
238491941
238480632
238449582
238447910
238445430
238442423
238419061
238416761
238434879
238423176
238378887
238377833
238376707
238354764
238362552
238349935
238328704
238323328
238330843
238296370
238294418
238312497
238311361
238274676
238260544
238238898
238237503
238255393
238251134
238218357
238215520
238179761
238147545
238146710
238165599
238140152
238123549
238082200
238100441
238059848
238027268
238045424
238024346
237947990
237796417
237784588
237791919
237748638
237699148
237598164
237499759
238979718
237817824
237806412
237814385
237700591
237659295
238494607
237551794
237480753
237458786
239067949
238948133
238405208
238053145
239063027
238960618
238812365
238402175
238382901
238128116
239054689
238934326
238805616
238683665
238462036
238361807
237802067
238697098
238696562
238714904
238705026
238452956
237637003
237624690
237632941
237599802
239023507
239040802
238937928
238753520
239005933
239014158
238981235
238960075
238955981
238916627
238904327
238910168
238897632
238875928
238817052
238824339
238801702
238769192
238777048
238701232
238370179
238039049
238027963
237979458
237977495
237970362
237877482
237643477
237621341
237608954
237616143
237553620
237552793
237530162
237506126
237503126
237501137
237488816
238756402
238645094
238423723
238149040
237829432
237676713
237665952
237665453
238980771
238497320
238477817
238455456
238429212
238405944
238385470
237506955
237475049
238828754
238735083
238734267
238643274
238042731
238030288
237600527
237486485
238997270
238995180
239001604
239000227
238956518
238941354
238876853
238874280
238871874
238868778
238857183
238862403
238852025
238842089
238860092
238815901
238832292
238789014
238785027
238792190
238755538
238753393
238760586
238740300
238718952
238718354
238689596
238673178
238662288
238647077
238545623
238543945
238553067
238552440
238550537
238478544
238470184
238404059
238377538
238370873
238339762
238344023
238342797
238319454
238302419
238291375
238290222
238268847
238287696
238267653
238244920
238191882
238076335
238075183
238063813
237825624
237741474
237585680
238803860
238699915
238121841
238105351
238093482
237754708
239066496
239018773
238925342
238891517
238870670
238848959
238847010
238864874
238845238
238809488
238759417
238749962
238747204
238726090
238742380
238721628
238718223
238549776
238547908
238546046
238440697
238416002
238339177
238307001
238315236
238277036
238249519
238241263
238207123
238204845
238221079
238139450
238483941
238480393
238304746
238248024
238234499
237567069
237584507
237582516
237571558
237547232
237536812
237456884
237465076
237453897
237452518
237461130
237440521
237419676
238898285
238887120
238623633
238075657
237614607
237483779
238967212
238985930
238985631
238965284
238402959
238392804
238334890
238266697
238276149
238285428
238253216
238215421
238222944
238185274
238184609
238193203
238057408
238056652
238075476
238074700
238074162
238073565
238062658
238052037
237973221
237970564
237821512
237801308
237810079
237788931
237738924
237704848
237631372
237615036
237562883
237553413
237551860
237475743
237463746
237452029
238638198
238625150
237785141
237726855
237611390
238638946
237878114
237876495
238910753
238899380
238884042
238860599
238817432
238808614
238713869
238701023
238669414
238685492
238664115
238427698
238416562
238424737
238413038
238379967
238369803
238369024
238364759
238335868
238324464
238318500
238216088
238220675
238158438
238147689
238166771
238163916
238142688
238116081
238124375
238122381
238109709
238087990
238095936
238039608
238048977
238048498
238027716
238045547
238024421
238040462
237958107
237975657
237952544
237940201
237877436
239047500
239033980
238539055
238226492
238201877
237946039
237952679
237563772
238966843
238984917
238972516
238375733
238329073
238306582
238283557
238282500
238281424
238151394
238119121
238028438
238046522
237812649
238827770
238375060
238324194
238275213
237503775
237522458
238084446
237571059
238967943
238967570
238704769
238677253
238666050
238477125
238246534
237574267
237536018
237535620
237494286
237492137
238977693
238353365
238137298
237978807
239027161
239044582
237621597
238945038
238952952
238931554
238723889
238732257
238284854
238148294
238147778
237823565
237810326
237788347
237777085
237672403
237660954
237648039
237578289
237576234
237555187
237535055
237534704
237554185
237533463
237532510
238739186
238736531
238195786
238174978
237875742
239009925
239018098
238997581
238938128
238694413
238693183
238692075
238689026
238677866
238631876
238630471
238552698
238487395
238485746
238446555
238453885
238411461
238399584
238388136
238387192
238395865
238373529
238329318
238331643
238303024
238301253
238290571
238155187
238135673
238110762
238108136
238096979
238079452
237840111
237818375
237817066
237804931
237766752
237742683
237704208
237667957
237676563
238872960
237955182
237683677
237616176
238968906
238918856
238922972
238882965
238890779
238852144
238790561
238738432
238693381
238539737
238495664
238485197
238332375
237790757
237748079
237743458
237751592
238047918
238824338
238799463
238787314
238802213
238694899
238701006
238668569
238635833
238484164
238491698
238437165
238401662
238401222
238345416
238319691
238230656
238218564
238223419
238169145
238158532
238118061
238134572
238060773
238070334
237789765
237784253
237792687
237770870
238178299
238186990
238175642
238183801
238790045
238764368
238720552
238485416
238484541
238472378
238456144
238400694
238390441
238369597
238367618
238237020
238148741
238142069
238066050
238024999
238043336
237976385
237884289
237857755
237853698
237842843
237841023
237811565
237810811
237797014
237774390
237768646
237761801
237719319
237715075
237730473
237705997
238973888
238930622
238905841
238923253
238778484
238160690
238058963
237506647
239097522
239096285
239095057
238716321
238381477
238818101
238825909
238756410
237660732
238975330
238697910
237521674
238843175
238842669
238860805
238850063
238702005
238984314
238758152
238450854
237843194
237459670
237457739
238838373
238220933
237496042
237481689
238286623
238286294
238276256
238266257
237716404
237566749
239065029
238950269
238909050
238888609
238679908
238678068
238434343
238422778
238293874
238265742
238274217
238283727
238210082
238176599
238081315
238077906
238041290
237881164
237858354
237815439
237712577
237711095
238861407
238841867
238819849
238774779
238716078
238696750
238696311
238493045
238463141
238382371
237630539
238744661
238417594
238397886
238387755
238025214
237651871
237629836
237646311
237505515
238803327
238632146
238458743
238447199
238430016
237744635
239013362
239001291
237588829
237519306
237517171
238636462
238281221
238117662
237956405
237852038
237769917
237518229
238352999
237681427
237679465
238557214
238476764
238308225
238057521
237457352
238831794
238768882
237954493
237951199
237737422
238392099
238368824
238317793
237803584
238337389
238211475
238198144
238197077
238032317
237665277
237664755
237654533
237663970
237653693
237653033
237652123
237670508
237604438
237602828
237588728
237585644
237472541
239001810
238934814
238886837
238301428
238269463
238080286
238057579
237589953
238381170
238286220
238274720
238274002
239021869
238996910
238995491
239002739
238844681
238853246
238862624
238862261
238662018
238545014
238553397
238402660
238400130
238268025
238277230
238267254
238266169
238285187
238265285
238263501
238262392
238260711
238239364
238256603
238159706
238159136
238168663
238158042
238157576
238166246
238155536
238143712
238161841
238119816
238060216
238060031
238039683
238038184
238037443
238041798
237978369
237945491
237952302
237889204
237876617
237883086
237858963
237842644
237850016
237808472
237827034
237806052
237805070
237760197
237728729
237716501
238922072
238920184
238039726
237533955
237553332
238853025
238827846
238823402
238717703
238717291
238697979
238707377
238705261
238479148
238478917
238478735
238429029
238382351
238264702
238166945
237789565
238214221
237589789
238870533
238620509
238545172
238553799
238541920
238499850
238402100
238392203
238391974
238401307
238400978
238381351
238369670
238314945
238294094
238311530
238300767
238147964
238166327
238090043
237598629
239089541
239067309
238949945
238954627
238260260
238255646
238233701
238212948
238201538
238198551
238088530
238096502
238084051
238081986
238090543
238077884
238057122
237791384
237759349
237767118
237734717
237722966
237710928
237709022
237617862
237602506
237552656
238766973
238706218
238117200
237655180
237527832
237449120
238169743
238122591
238212447
237597472
237859317
237846225
238705741
238400915
238189416
238144933
237613958
237528848
238843936
238843456
238773429
238716527
238487068
238391544
238266057
238200353
238040871
237977958
237945333
237869108
237801574
237820867
237718222
237716079
237721914
237710401
237625774
237643868
237631908
237611822
237449299
239054797
239019501
238300430
238273089
238171821
238180819
238062193
237871479
237726663
238297931
238169917
237658838
237648920
237633256
237554336
237530622
237525793
237490967
238634292
238492691
238217592
238085415
238723544
237709816
237688287
238772479
238442750
238439540
238346779
238261666
238477663
238486354
238295215
238195892
237863742
237549790
237709067
238260788
238045443
237972051
238337809
238237704
238143005
238115228
237958327
237881764
237855372
237840471
237798536
237773323
237711575
237708190
237680168
237627565
237634791
237642372
238330280
238398595
237570388
237453143
237439828
238377333
238292553
238262919
238085010
238036616
238558849
238425830
238479711
238384056
238383768
238267035
238093233
238091697
238546382
238038915
238028175
237577540
237583152
237572130
237551292
238916875
238904741
238825855
238799250
238475082
238366967
238374233
238272390
237749729
238875698
238736533
238284270
237843291
237801395
237800095
237456437
237455319
238266379
238259435
237478242
237790680
237727707
237454541
238638776
238493392
238376221
238160098
237958603
237739565
237621896
237495278
238397805
238385658
238404171
238189103
238186822
238194774
238184267
237827940
239056198
239072703
239070348
238951972
238917403
238905669
238393794
238402624
238369077
238358529
238374813
239050027
238949598
238944615
238943033
238902768
238850537
238752665
238748890
238737301
237625265
238867152
238855799
237439350
239063424
238536478
237706496
237693461
237702146
237691016
238711825
238685355
238648927
238456773
238464538
238421158
238339252
238343377
238308476
238236515
238254148
238232648
238214201
238202786
238151028
237835315
237523035
238900572
238820515
238755921
238705412
238684167
238641028
238620043
238482450
238464607
238452603
238428218
238417336
238414214
238431840
238420681
238379477
238375576
238361272
238337187
238344487
238331430
238299288
238281490
238270234
238258574
238234650
238147570
238165278
238153904
238027707
238036299
238041592
237888360
237810657
237795947
237755519
237723146
237623835
237630125
237507234
237884450
238728213
238741519
237601443
237568979
237586701
239033437
237629951
237640506
237578309
237581685
237570658
237539602
237547493
237505314
237479729
237492070
237490256
237466930
237445636
237464035
237450761
238496520
238218340
238215579
238728527
238297455
238985439
238950528
238156019
237832043
238068525
237468384
239051975
239018947
238968385
238977450
238097787
237818828
238551402
238530349
238499106
238354507
238370144
238306053
238304566
238289871
238264561
238273526
238263195
238259977
238248890
238256395
238253675
238219111
238226880
238215060
238171587
238190875
238180717
238066916
238064707
238072871
238062339
238036080
238044633
238042955
238041095
237841417
237816062
237815207
237796540
237794877
237792606
237780280
237748249
237765980
237688666
237696934
237695642
237704139
237702763
237681340
237690199
237679151
237628547
237637125
237625242
237632631
238110080
238106714
237493266
238922370
237885084
237734062
238963770
238692809
238409696
238252104
237954623
237696295
237702514
237610460
237562535
237533173
237550987
237451875
239022118
238685875
238498292
238479017
238497866
238401372
237554998
237543972
238870915
238768061
238756760
238774183
238069090
237877245
239049676
238991720
238858907
238714436
238713401
239063756
238972656
238947035
238448370
237783780
237792119
237671786
239043867
239020759
238894343
238861331
238818937
238815367
238471811
238454107
238429717
238435423
238232865
238157247
238110258
238070343
238039426
238034120
237846946
237673000
237444677
237650867
238721518
238730787
237819927
237442828
239102157
238977089
238976460
238976067
238946434
238920481
238821065
238716495
238715466
238694171
238736268
238389541
238322520
238331208
237628626
239041323
238926186
238924126
238869058
238639963
238428500
237735313
237723683
237609278
238874587
238872863
238854149
238552009
238413134
238386702
238385964
238403597
238159513
237499338
237496952
237467912
238828863
238821223
238712809
238358397
238187212
238025814
237888169
237870426
237775478
238731699
238278181
237667516
237536461
238945957
238702684
239007458
238975501
238983418
238895210
238752241
238738504
238736804
238418461
238431236
238406595
238335540
238322008
238320044
238280613
238230798
238085374
238102374
238090660
238079705
237878058
237860081
237853270
237724254
239039885
239038087
239045610
239042750
238972918
238938400
238946563
238941023
238879695
238897424
238241682
238140543
238128638
238096085
238030036
237850551
237503373
237521273
237534941
237639148
237647279
237636248
237644330
237640319
237619510
238353601
238352290
238248382
238246213
238158954
238144291
238141920
237651489
237638924
238554209
238476316
238644992
238621077
238548097
238546548
238435616
238415516
238423824
238420105
238389657
238397956
238396376
238338996
238337084
238335851
238323127
238321420
238319322
238318075
238317682
238306217
238292691
238300465
238290258
238269625
238221971
238210605
238189343
238188309
238107996
238106099
238091070
238100038
238078783
238077736
238066608
237611541
237565643
237562864
237489826
237485609
237483978
237480943
237449477
237448316
237445830
238724077
239004571
238943984
238877767
238893113
238761096
238739657
238636878
238222839
238221724
238156205
238153200
237746065
237763568
238829785
238787710
238786079
238802463
238800056
238664556
238477847
238447284
238423496
238347926
238272035
237946448
237973856
237797448
237748445
237575975
238409228
237826402
237689444
237695299
237701695
237583011
237548715
237538072
237502947
237520816
237477956
237472107
237551915
237528443
237524647
237598237
237544171
237543751
237526045
237493923
237482286
237459970
237442249
239032515
238977023
238976117
238984955
238983944
238938732
238940305
238925782
238923623
238888398
238893068
238870667
238868026
238811445
238808172
238713223
238677461
238665779
238673702
238458519
238444029
238441989
238419401
238417819
238413661
238379700
238356878
238354596
238372239
238321403
238319229
238248881
238234495
238230638
237819329
237708565
238866584
238862552
237722454
239013895
238881328
238859091
238862117
238850578
238839514
238801657
238780416
238759636
238777171
238755372
238771672
238749893
238213611
238907948
238878214
238789494
238725792
238740994
238710779
238661171
238368736
238362324
238244906
238233072
238228549
238024218
237977497
237941177
237604767
238761273
238742243
238716868
238715959
238713596
238061518
238478507
238438047
238092081
237639639
237637381
237632332
237524592
237503032
237520723
237498253
237466297
237455207
239074580
238987488
238715693
238665979
238664013
238670150
238638398
238643145
238557531
238543172
238532903
238498632
238488121
238478272
238477340
238495546
238484576
238483219
238470369
238455698
238463239
238442131
238381148
238380474
238357066
238353458
238339535
238346461
238284546
238263579
238262827
238281286
238256965
238255402
238243311
238155064
238150091
238128217
238136231
238124411
238112261
237974031
237820399
237788329
237777342
237785732
237773958
237772498
237758485
237746510
237760674
237662138
238911461
238496274
238495721
238422116
238214554
238211290
238200450
238175489
238166838
238058412
238067225
238055237
238062743
237777136
237783445
237658533
237561557
237548742
237546883
239036792
239006160
238994375
239012476
238991763
238978071
238987792
238987048
238953986
238942357
238886293
238884378
238842658
238841971
238819229
238827444
238817028
238716170
238715801
238705981
238714985
238695444
238704379
238712820
238692401
238690806
238660339
238648179
238636211
238634612
238642022
238621677
238538797
238546809
238555201
238494697
238427436
238426335
238432949
238420930
238389845
238404809
238350947
238337294
238344904
238297421
238305044
238273668
238262975
238271168
238068183
237617657
237536242
238853523
238690136
238476189
238444853
238450120
238417661
238414776
238378594
238374863
238363742
238351960
238348640
238324452
238341901
238320778
238179101
238178043
238166453
238114000
238032528
237673476
237607084
238360309
238241340
238825438
238834719
238795620
238783741
238710462
238625846
238488020
238391506
238359980
238366736
238325681
238266385
238206409
238117414
237470913
238380835
238094584
237953218
237587721
238054546
238053395
238107451
237744143
237567938
238854959
238632628
238640281
238971712
238794887
238790971
238477542
238486083
238429636
238391456
238400515
238345914
238319657
238318022
238275240
238283846
238225781
238211113
238179962
238179038
238148917
238167807
238060062
238020398
237976772
237973142
238033817
237583976
237560000
237556762
237535794
237555335
237535273
237535136
238120845
238499021
237461389
237419151
238974854
238939244
239041127
238967850
237821968
239062861
239039690
239028118
239044966
239024903
238967145
238976045
238973049
238981592
238980054
238945282
238832668
238788941
238806620
238769555
238245390
238240918
238141664
238202410
237889652
237804166
237803718
237803414
237803059
237722056
237720594
237693849
237702364
237691440
237679222
237658732
237657329
237666600
237675943
237665741
237655461
237569267
237581525
237570807
238839177
237872788
237838480
237834829
237562175
237457858
237446509
237443845
237461585
237440620
238391062
238857664
238866136
238796103
238785224
238782733
238633867
238558426
238458640
238209953
238205741
237866183
237827701
237825921
237782132
237769840
237748743
237756916
237764956
237742900
237684877
237683428
237632005
237609823
237598350
237564540
237563232
237525334
237523661
237521975
237500692
237488274
238829503
238757276
238691511
238346792
238323177
238284343
238283568
238263227
238262157
238166716
238145024
238163605
238129200
238118165
238037226
237788672
237784129
237792313
237790907
237745521
238953777
238932913
238909409
238915275
238922942
238920332
238888086
238876837
238893435
238890167
238696081
238693309
238692078
238150904
238047051
238035959
238044505
238022616
237979030
237799216
237778305
237796627
237795219
237745647
237743963
237761482
237660394
237648871
237636324
237634119
237531688
237550275
237507321
237515203
237502553
238940820
238908763
238872365
238825316
238778826
238755794
238473602
238481311
238370540
238323074
238224641
238203259
238222343
238198897
238197041
238030838
237883790
237828871
237781442
237765710
237712678
237720528
237689150
237576820
237492837
237463016
239041690
238939518
238921531
238809814
238784794
238730392
238698748
238093920
238081600
237850624
237817602
237797801
237715437
237699869
237687838
237690585
237580122
237559291
237537315
238029425
238023856
237509899
237503903
238991228
238979405
238981132
238938515
238842240
238797701
238804017
238801247
238713002
238702847
238669362
238663793
238670948
238637697
238635305
238623047
238630525
238539559
238453141
238420454
238395669
238394928
238365009
238230825
238217473
238214948
238212753
238221085
238188393
238162027
238048294
238037203
237820413
237779883
237798363
237797805
237775256
238845936
238135236
238113180
237740927
238807753
238884589
238397448
237833203
237624132
237632825
238197432
238716662
238706991
238695002
238478388
238461841
238026860
237783573
237729769
237716878
237721000
237707509
237695743
237608862
237596313
237614964
237612052
237587679
237576150
237574736
237572035
238988621
238978384
238986754
238964581
238981631
238941780
238474993
238167245
238772956
238700638
238629533
238637251
238363517
238334805
237615996
237605434
237603353
237611515
237543636
237552074
238479368
238969424
238978506
238987607
238980688
238930539
238852911
238851994
238841648
238829963
238714753
238714075
238713216
238711969
238120392
238083473
238051762
237821946
237821395
237820808
237788178
237746423
237706662
237694822
237692014
237680846
237669860
237668943
237668133
237627200
237645849
237643048
237609146
237617506
237585830
237583370
237449026
237447566
237446827
237455914
239045804
239024578
239031893
239019319
238997449
239005355
238935541
238934025
238832044
238760146
238748491
238744373
238743382
238719960
238225064
238174591
238193206
237537937
237537263
237449201
239012827
238992804
239011339
238553548
238532125
238439378
238410213
238408563
238397605
238322641
238090563
237855204
237834119
238987689
238962770
238493786
238448947
238355225
238343280
237727781
237725178
237722183
237720178
238719324
238671041
2314746117
2311105093
2311075185
2311093502
2311091457
2311067932
2310992005
2310421298
2310430272
2310420336
2310409955
2310408989
2310396798
2310382819
2310369493
2310336201
2310331211
2310287017
2310280247
2310253835
2310172861
2308920755
2308873185
2308860264
2308834522
2308799592
2308663599
2308596946
2308612783
2308590526
2308586332
2308563631
2308552332
2308569595
2306962784
2306980631
2306969094
2306958378
2306398050
2306350797
2306295495
2306310370
2306266890
2306263501
2306279260
239088478
237467397
238908930
238915175
238873182
238406757
239036382
238847413
238846303
238772783
238761522
238722719
238648544
238530245
238196016
237977205
238705718
238989005
238396823
239034714
239047403
238646219
238491149
238334927
238248581
237853117
237851538
237819746
238994296
238992617
239001237
239010009
238914561
238911897
238900084
238897060
238874987
238882116
238852640
238852432
238851724
238860865
238840925
238790576
238768546
238767023
238755755
238754028
238761434
238725579
238724405
238723230
238720087
238626641
238624504
238559989
238548634
238553151
238533315
238551714
238550920
238531253
238499927
238450986
238440420
238415365
238412596
238420496
238409070
238386990
238405307
238074937
238054200
237852452
237840527
237840060
237809071
237807931
237740078
237727791
237725471
237733235
237693622
238384651
238288655
238191046
237857414
237774799
237620294
238530945
237493777
238984256
238813542
238830762
238669010
238664927
238663284
238632548
238556815
238554431
238230113
238164486
238163247
238161059
238083975
238059949
238068517
237660229
237550742
237518983
237517427
237455608
238849163
238497991
239071779
239045262
239008629
238995951
238697015
238532783
238541108
238392709
238310817
238967372
238966282
238952513
238903047
238899882
238672549
238626255
238458388
238374717
237707290
237676508
237605162
237519965
237517711
237493976
237467018
237444617
239077390
239076021
239038712
239042620
239019135
239008077
239013833
239003317
238976941
238985581
238985024
238974525
238964091
238972039
238970812
238940002
238924031
238899188
238882709
238850348
238724922
238732022
238696570
238715200
238704987
238694480
238703354
238702448
238676886
238674900
238681347
238680080
238629848
238637247
238642645
238631679
238559569
238538230
238536860
238535678
238553822
238497695
238478256
238477903
238486271
238485391
238492960
238491346
238469452
238415963
238423505
238422391
238421050
238391344
238381171
238274443
238283140
238209300
238224503
238213163
238220816
238199765
238179716
238178488
238148694
238158050
238145574
238029679
238039385
238048873
238028494
238027979
238036724
239078443
238984665
238983694
238192016
238064106
237605863
237543526
237542762
238700818
239007705
238059688
237460023
238056623
239068754
238898476
238852110
238842566
238818171
238795168
238791487
238756126
238764058
238739923
238546164
238545021
238425902
238354872
238333121
238340230
238307024
238236892
238254036
238228961
238207871
238204353
238162614
238160573
238128681
238136821
238115577
238109756
238088166
238085786
238095090
238039082
238038476
238037783
238046760
237867826
237862430
237780292
237765538
237753634
237717549
237715431
237723748
237731976
237730910
237699385
237688206
237654420
237653870
237601177
237610010
237588118
237533376
237552701
237551821
237530899
237655739
239040196
238692124
238686217
238665644
238682048
238469621
238458127
238274131
237722836
239103501
239093348
239092980
238698725
238697930
237675683
237593164
237530653
237486537
237484855
238841950
238796074
238781293
238759246
238266513
239025675
237574458
239109514
239007925
239005133
238735794
238492472
238368051
237550624
238999451
238214107
238049780
238898991
238876445
238853719
238840697
238777243
238678955
238472848
237877683
237600766
237575297
238986119
238864012
238853441
238862815
238125914
238113733
238111927
237526695
237734165
238835945
238747150
238910464
238734624
238414889
238154476
238162632
238101170
238079231
237578646
238970997
238944517
238471212
238158986
238053321
238060761
238050048
237971694
238555295
238421368
238410528
238403325
238298963
238288765
238025620
237940601
237748502
237637082
237616829
238739024
238860536
4282433126
4283246363
4283128326
4274705621
4273394683
4273287071
4273267656
4271849318
4268229940
238534875
237673824
238964752
238916272
238898352
238429094
238436855
238420114
238368783
238358046
238355995
238373374
238333691
238342344
238321040
238026971
238025505
238022738
238030165
237957973
237587348
237576214
237477962
237476234
237484268
237492447
237453400
238487923
238327150
237602619
239018071
239005911
238991143
238737425
238733508
238542907
238531514
238531085
238279519
238277577
238182439
238051921
237560673
237545309
239084397
239103053
239110804
239019931
238662023
238639248
238628109
238644927
238641376
238476088
238484748
238493616
238491954
238480972
238465807
238454018
238462185
238450799
238437671
238436246
238434830
238352340
238360287
238348584
238347006
238345408
238334172
238322680
238263733
238259061
238247793
238255620
238244005
238231685
238230055
238218384
238225875
238224225
238222927
238115850
238134185
238132420
238130728
238109160
238088186
238086805
238085435
238084468
238549296
238538715
238546660
238338475
238270317
238238831
238246329
238160718
238122867
238111707
238097861
238095414
238094133
237951102
237868789
237877095
237865323
237873717
237862394
237860069
237836694
237845198
237833894
237802104
237801804
237821259
237820930
237810602
237810058
237789541
237788776
237778254
237777388
237785952
237784765
237792999
238922722
238819590
238836022
238815063
238831676
238806645
238792180
238775850
238774216
238762718
238695874
238695283
238703130
238298246
238296878
238305490
238313760
238312491
238292326
238274016
238282815
238271725
238938055
239030826
239009273
239017112
238949990
238884889
238842087
238348469
237581023
237559473
238843022
238829069
238497263
238474463
238472215
238449761
238464659
238401563
238273461
238249967
238228307
238158660
238147329
238118369
238113597
237958458
237973126
237811730
237800922
237799908
237789246
237787998
237766332
237763405
237761587
237729530
237711730
237562347
237525430
238471025
239087391
239078998
238951220
238865084
238489813
238408692
238309411
238298376
238252070
238240134
238227833
238179796
238178282
238195124
238184636
238193663
238182228
238095907
238063464
238061879
238285232
238284600
238242606
238209138
238155776
238144772
238153084
238115396
238109316
237789045
237776922
237780517
237731120
237699524
237629154
237625403
237643403
237640641
237551942
237508961
237505957
237504350
237521860
237484723
237482776
237481238
237449618
237468298
237450262
238976575
238344826
238238335
239042921
238990141
238980244
238890488
237943604
237841295
237808667
237790616
238039973
238705158
238694774
238712692
237845015
239058181
239063292
239061303
239039299
239028021
239031792
239007148
239012324
238992444
238989718
238988399
238972852
238970938
238959178
238934547
238951894
238930521
238917158
238922794
238889776
238876736
238884184
238847172
238855672
238864115
238751961
238739597
238737152
238726017
238742903
238732553
238730219
238699732
238699021
238717316
238707663
238716379
238640319
238423921
238413074
238410059
238388811
238406958
238387085
238384523
238384105
238393246
238383633
238163395
238142933
238160641
238119197
238127220
238124954
238122747
238130512
238108738
238096617
238094762
238083276
238102065
238090723
238068062
238939854
238374465
238335815
238332529
237959240
237941710
237879452
237877547
237865443
239075313
238444327
238415060
238323754
238306038
238131387
238025973
238040251
238480856
237794582
238698424
238698059
238706859
238696904
239108483
238813149
238820216
238202889
238146841
238111334
238084521
237553958
237551671
237529354
237511715
238620181
238964031
238733955
238634713
238533186
238107871
237973631
237815796
237658307
237573824
237535967
239007232
238989097
238988567
238960313
238948259
238842492
238827723
238813998
238498352
238479066
238496875
238476941
238485282
238494033
238473478
238448452
238455370
238454094
238460290
238929159
238792454
238767267
238625165
238554038
238472801
238449505
238067354
238075824
238064504
237700368
237615608
237614103
237592583
237591039
237576054
237584752
238903497
238275011
238284234
238282529
238272064
238270935
238236383
238116906
238132505
237795335
237773912
238876143
238792393
237483998
237491218
238472639
238320217
238301975
238176063
238173852
238093595
237717722
237716030
237687275
237660884
237647344
237633584
237558674
237558041
237546371
237536076
237527600
237444341
238552322
238168211
238257343
237740417
237488913
238349165
237975962
237869121
239000471
238933939
238927408
238915661
238913476
238329306
238347012
237600727
237555165
238315365
237527737
4268204580
4268128264
4268081763
4268044222
4267959351
4267813797
4267708716
4267752039
4267663065
4267527327
4267574592
4267551217
4267439174
4267446853
4267436254
4267493944
238466455
237652996
237518032
238755424
238725184
238102885
238069450
239025640
238487338
238182651
238146957
238109469
238050988
238060635
238060235
238048678
237471902
238956069
238746530
238742244
238719529
238821485
238721313
238730072
237799427
237785113
237758069
237716705
237686630
237705055
237702562
237679678
237660273
237648484
237636576
237644713
237640523
237598746
237528710
237503822
237489524
237476330
237492172
238828612
238837027
238796382
238937584
238897846
238482538
238451100
238408185
238367166
238281086
238234948
238186276
238166297
238102548
238044905
237597593
237590142
237583467
238797619
238805174
238758934
238776090
238440933
238362438
238238659
238246013
238233597
238250751
238226979
238142764
238141109
238129479
238117910
238135610
238124142
238122167
237977612
237956035
237634655
237622286
237630259
237615435
237594218
237519175
237527198
237515333
237513372
239086442
238551565
238200947
237832104
238699498
238812932
238810213
238376292
238353575
237874817
237872204
237849785
237729497
237520272
238911166
238839117
238837963
238826108
238794425
238775744
238706037
238713654
238049038
238647812
238544017
238378751
238377968
238287003
238277029
238267171
238266984
238276434
238148458
238167854
238147612
238156311
238155255
238071305
238061196
237799785
237798803
237777639
237776494
237773531
238928715
238676143
237450821
239014487
238548394
238537369
238437423
238413454
238411985
238337515
238324625
238341805
238297492
238315519
238314402
238293900
238302616
238311578
238216551
238224136
238177713
237818214
237826964
237826668
237640438
237597992
237615920
237602403
237590039
237576384
237575025
237557345
237537129
237534460
237544015
237533651
237552923
237467258
237466441
237455518
238239456
